Escf =     -75.977878975377
Emp2 =      -0.152709879075
Etot =     -76.130588854452
