
Nuclear repulsion energy =         8.0023670618

	Overlap Integrals:

           1           2           3           4           5           6           7           8           9          10

    1   1.0000000   0.8380557   0.3393514   0.1609665   0.0000000  -0.0000000   0.0000000   0.0000000   0.0000000   0.0000000
    2   0.8380557   1.0000000   0.4321873   0.1943843  -0.0000000  -0.0000000   0.0000000   0.0000000   0.0000000   0.0000000
    3   0.3393514   0.4321873   1.0000000   0.7764487   0.0000000  -0.0000000   0.0000000   0.0000000   0.0000000   0.0000000
    4   0.1609665   0.1943843   0.7764487   1.0000000   0.0000000   0.0000000  -0.0000000   0.0000000   0.0000000   0.0000000
    5   0.0000000  -0.0000000   0.0000000   0.0000000   1.0000000   0.0000000  -0.0000000   0.5059985   0.0000000   0.0000000
    6  -0.0000000  -0.0000000  -0.0000000   0.0000000   0.0000000   1.0000000   0.0000000   0.0000000   0.5059985   0.0000000
    7   0.0000000   0.0000000   0.0000000  -0.0000000  -0.0000000   0.0000000   1.0000000   0.0000000   0.0000000   0.5059985
    8   0.0000000   0.0000000   0.0000000   0.0000000   0.5059985   0.0000000   0.0000000   1.0000000   0.0000000   0.0000000
    9   0.0000000   0.0000000   0.0000000   0.0000000   0.0000000   0.5059985   0.0000000   0.0000000   1.0000000   0.0000000
   10   0.0000000   0.0000000   0.0000000   0.0000000   0.0000000   0.0000000   0.5059985   0.0000000   0.0000000   1.0000000
   11   0.0179951   0.0199736   0.1595600   0.3395977   0.2070784   0.1617873  -0.0000000   0.4236441   0.3309871  -0.0000000
   12   0.0552886   0.0653163   0.3279305   0.5981919   0.1604978   0.1253946  -0.0000000   0.4491494   0.3509139  -0.0000000
   13   0.0179951   0.0199736   0.1595600   0.3395977  -0.2070784   0.1617873  -0.0000000  -0.4236441   0.3309871  -0.0000000
   14   0.0552886   0.0653163   0.3279305   0.5981919  -0.1604978   0.1253946  -0.0000000  -0.4491494   0.3509139  -0.0000000

          11          12          13          14

    1   0.0179951   0.0552886   0.0179951   0.0552886
    2   0.0199736   0.0653163   0.0199736   0.0653163
    3   0.1595600   0.3279305   0.1595600   0.3279305
    4   0.3395977   0.5981919   0.3395977   0.5981919
    5   0.2070784   0.1604978  -0.2070784  -0.1604978
    6   0.1617873   0.1253946   0.1617873   0.1253946
    7  -0.0000000  -0.0000000  -0.0000000  -0.0000000
    8   0.4236441   0.4491494  -0.4236441  -0.4491494
    9   0.3309871   0.3509139   0.3309871   0.3509139
   10  -0.0000000  -0.0000000  -0.0000000  -0.0000000
   11   1.0000000   0.6830602   0.0208962   0.1481732
   12   0.6830602   1.0000000   0.1481732   0.3855594
   13   0.0208962   0.1481732   1.0000000   0.6830602
   14   0.1481732   0.3855594   0.6830602   1.0000000

	Kinetic-Energy Integrals:

           1           2           3           4           5           6           7           8           9          10

    1  52.6148950  15.6610148   0.8339502   0.1307410  -0.0000000   0.0000000  -0.0000000   0.0000000  -0.0000000   0.0000000
    2  15.6610148  14.2983000   1.1091549   0.1611538  -0.0000000  -0.0000000  -0.0000000  -0.0000000   0.0000000  -0.0000000
    3   0.8339502   1.1091549   1.4097000   0.5088398   0.0000000  -0.0000000   0.0000000   0.0000000   0.0000000   0.0000000
    4   0.1307410   0.1611538   0.5088398   0.4269000   0.0000000   0.0000000  -0.0000000   0.0000000   0.0000000   0.0000000
    5  -0.0000000  -0.0000000   0.0000000   0.0000000   3.6349776   0.0000000  -0.0000000   0.4322940   0.0000000  -0.0000000
    6   0.0000000  -0.0000000  -0.0000000   0.0000000   0.0000000   3.6349776   0.0000000   0.0000000   0.4322940   0.0000000
    7  -0.0000000  -0.0000000   0.0000000  -0.0000000  -0.0000000   0.0000000   3.6349776  -0.0000000   0.0000000   0.4322940
    8   0.0000000  -0.0000000   0.0000000   0.0000000   0.4322940   0.0000000  -0.0000000   0.5342500   0.0000000   0.0000000
    9  -0.0000000   0.0000000   0.0000000   0.0000000   0.0000000   0.4322940   0.0000000   0.0000000   0.5342500   0.0000000
   10   0.0000000  -0.0000000   0.0000000   0.0000000  -0.0000000   0.0000000   0.4322940   0.0000000   0.0000000   0.5342500
   11  -0.0224048  -0.0283206  -0.0391207   0.0846346   0.1088756   0.0850630  -0.0000000   0.2498937   0.1952384  -0.0000000
   12   0.0143865   0.0170052   0.0837195   0.1344271   0.0876121   0.0684501  -0.0000000   0.1813047   0.1416507  -0.0000000
   13  -0.0224048  -0.0283206  -0.0391207   0.0846346  -0.1088756   0.0850630  -0.0000000  -0.2498937   0.1952384  -0.0000000
   14   0.0143865   0.0170052   0.0837195   0.1344271  -0.0876121   0.0684501  -0.0000000  -0.1813047   0.1416507  -0.0000000

          11          12          13          14

    1  -0.0224048   0.0143865  -0.0224048   0.0143865
    2  -0.0283206   0.0170052  -0.0283206   0.0170052
    3  -0.0391207   0.0837195  -0.0391207   0.0837195
    4   0.0846346   0.1344271   0.0846346   0.1344271
    5   0.1088756   0.0876121  -0.1088756  -0.0876121
    6   0.0850630   0.0684501   0.0850630   0.0684501
    7  -0.0000000  -0.0000000  -0.0000000  -0.0000000
    8   0.2498937   0.1813047  -0.2498937  -0.1813047
    9   0.1952384   0.1416507   0.1952384   0.1416507
   10  -0.0000000  -0.0000000  -0.0000000  -0.0000000
   11   1.4157260   0.2925739  -0.0301548  -0.0012203
   12   0.2925739   0.2664000  -0.0012203   0.0374519
   13  -0.0301548  -0.0012203   1.4157260   0.2925739
   14  -0.0012203   0.0374519   0.2925739   0.2664000

	Nuclear Attraction Integrals:

           1           2           3           4           5           6           7           8           9          10

    1 -82.4990426 -47.8119798 -12.5269876  -5.4491024   0.0000000  -0.0187383   0.0000000   0.0000000  -0.0030616   0.0000000
    2 -47.8119798 -40.3766945 -13.0408382  -5.6848527   0.0000000  -0.0217686   0.0000000   0.0000000  -0.0021425   0.0000000
    3 -12.5269876 -13.0408382 -13.3380146  -8.5018719   0.0000000  -0.1409874   0.0000000   0.0000000  -0.0767474   0.0000000
    4  -5.4491024  -5.6848527  -8.5018719  -7.7470598   0.0000000  -0.1604258   0.0000000   0.0000000  -0.2004001   0.0000000
    5   0.0000000   0.0000000   0.0000000   0.0000000 -11.7587263  -0.0000000  -0.0000000  -3.8867328  -0.0000000  -0.0000000
    6  -0.0187383  -0.0217686  -0.1409874  -0.1604258  -0.0000000 -11.7247201   0.0000000  -0.0000000  -3.8538235   0.0000000
    7   0.0000000   0.0000000   0.0000000   0.0000000  -0.0000000   0.0000000 -11.6714398  -0.0000000   0.0000000  -3.8022619
    8   0.0000000   0.0000000   0.0000000   0.0000000  -3.8867328  -0.0000000  -0.0000000  -4.8575277  -0.0000000  -0.0000000
    9  -0.0030616  -0.0021425  -0.0767474  -0.2004001  -0.0000000  -3.8538235   0.0000000  -0.0000000  -4.7808320   0.0000000
   10   0.0000000   0.0000000   0.0000000   0.0000000  -0.0000000   0.0000000  -3.8022619  -0.0000000   0.0000000  -4.6606664
   11  -0.5421367  -0.5620824  -1.4779068  -2.2377454  -1.5650189  -1.2380611   0.0000000  -2.3209862  -1.8321763   0.0000000
   12  -1.8162218  -1.8919912  -3.3424749  -3.9493127  -1.1877301  -0.9927874   0.0000000  -2.0249359  -1.6873298   0.0000000
   13  -0.5421367  -0.5620824  -1.4779068  -2.2377454   1.5650189  -1.2380611   0.0000000   2.3209862  -1.8321763   0.0000000
   14  -1.8162218  -1.8919912  -3.3424749  -3.9493127   1.1877301  -0.9927874   0.0000000   2.0249359  -1.6873298   0.0000000

          11          12          13          14

    1  -0.5421367  -1.8162218  -0.5421367  -1.8162218
    2  -0.5620824  -1.8919912  -0.5620824  -1.8919912
    3  -1.4779068  -3.3424749  -1.4779068  -3.3424749
    4  -2.2377454  -3.9493127  -2.2377454  -3.9493127
    5  -1.5650189  -1.1877301   1.5650189   1.1877301
    6  -1.2380611  -0.9927874  -1.2380611  -0.9927874
    7   0.0000000   0.0000000   0.0000000   0.0000000
    8  -2.3209862  -2.0249359   2.3209862   2.0249359
    9  -1.8321763  -1.6873298  -1.8321763  -1.6873298
   10   0.0000000   0.0000000   0.0000000   0.0000000
   11  -5.8164327  -3.6034799  -0.1504914  -0.9123138
   12  -3.6034799  -4.5175558  -0.9123138  -2.1254973
   13  -0.1504914  -0.9123138  -5.8164327  -3.6034799
   14  -0.9123138  -2.1254973  -3.6034799  -4.5175558

	Core Hamiltonian:

           1           2           3           4           5           6           7           8           9          10

    1 -29.8841477 -32.1509650 -11.6930374  -5.3183614   0.0000000  -0.0187383   0.0000000   0.0000000  -0.0030616   0.0000000
    2 -32.1509650 -26.0783945 -11.9316834  -5.5236989   0.0000000  -0.0217686   0.0000000   0.0000000  -0.0021425   0.0000000
    3 -11.6930374 -11.9316834 -11.9283146  -7.9930322   0.0000000  -0.1409874   0.0000000   0.0000000  -0.0767474   0.0000000
    4  -5.3183614  -5.5236989  -7.9930322  -7.3201598   0.0000000  -0.1604258   0.0000000   0.0000000  -0.2004001   0.0000000
    5   0.0000000   0.0000000   0.0000000   0.0000000  -8.1237488   0.0000000  -0.0000000  -3.4544388   0.0000000  -0.0000000
    6  -0.0187383  -0.0217686  -0.1409874  -0.1604258   0.0000000  -8.0897426   0.0000000   0.0000000  -3.4215295   0.0000000
    7   0.0000000   0.0000000   0.0000000   0.0000000  -0.0000000   0.0000000  -8.0364623  -0.0000000   0.0000000  -3.3699679
    8   0.0000000   0.0000000   0.0000000   0.0000000  -3.4544388   0.0000000  -0.0000000  -4.3232777   0.0000000   0.0000000
    9  -0.0030616  -0.0021425  -0.0767474  -0.2004001   0.0000000  -3.4215295   0.0000000   0.0000000  -4.2465820   0.0000000
   10   0.0000000   0.0000000   0.0000000   0.0000000  -0.0000000   0.0000000  -3.3699679   0.0000000   0.0000000  -4.1264164
   11  -0.5645415  -0.5904030  -1.5170275  -2.1531108  -1.4561432  -1.1529982   0.0000000  -2.0710925  -1.6369379   0.0000000
   12  -1.8018352  -1.8749860  -3.2587555  -3.8148856  -1.1001179  -0.9243373   0.0000000  -1.8436313  -1.5456791   0.0000000
   13  -0.5645415  -0.5904030  -1.5170275  -2.1531108   1.4561432  -1.1529982   0.0000000   2.0710925  -1.6369379   0.0000000
   14  -1.8018352  -1.8749860  -3.2587555  -3.8148856   1.1001179  -0.9243373   0.0000000   1.8436313  -1.5456791   0.0000000

          11          12          13          14

    1  -0.5645415  -1.8018352  -0.5645415  -1.8018352
    2  -0.5904030  -1.8749860  -0.5904030  -1.8749860
    3  -1.5170275  -3.2587555  -1.5170275  -3.2587555
    4  -2.1531108  -3.8148856  -2.1531108  -3.8148856
    5  -1.4561432  -1.1001179   1.4561432   1.1001179
    6  -1.1529982  -0.9243373  -1.1529982  -0.9243373
    7   0.0000000   0.0000000   0.0000000   0.0000000
    8  -2.0710925  -1.8436313   2.0710925   1.8436313
    9  -1.6369379  -1.5456791  -1.6369379  -1.5456791
   10   0.0000000   0.0000000   0.0000000   0.0000000
   11  -4.4007067  -3.3109060  -0.1806462  -0.9135341
   12  -3.3109060  -4.2511558  -0.9135341  -2.0880454
   13  -0.1806462  -0.9135341  -4.4007067  -3.3109060
   14  -0.9135341  -2.0880454  -3.3109060  -4.2511558

	S^-1/2 Matrix:

           1           2           3           4           5           6           7           8           9          10

    1   1.6168477  -0.8735857  -0.0168557  -0.0400834  -0.0000000   0.0007849  -0.0000000   0.0000000  -0.0066718  -0.0000000
    2  -0.8735857   1.7126985  -0.3425777   0.1530403   0.0000000  -0.0036593  -0.0000000  -0.0000000   0.0205187   0.0000000
    3  -0.0168557  -0.3425777   1.7188396  -1.0453853   0.0000000   0.0195869   0.0000000  -0.0000000  -0.1493327  -0.0000000
    4  -0.0400834   0.1530403  -1.0453853   2.3990204   0.0000000  -0.0468349  -0.0000000  -0.0000000   0.4752549   0.0000000
    5  -0.0000000   0.0000000   0.0000000   0.0000000   1.1353389  -0.0000000   0.0000000  -0.3602418   0.0000000   0.0000000
    6   0.0007849  -0.0036593   0.0195869  -0.0468349  -0.0000000   1.1252613   0.0000000   0.0000000  -0.3202069   0.0000000
    7  -0.0000000  -0.0000000   0.0000000  -0.0000000   0.0000000   0.0000000   1.1188213  -0.0000000  -0.0000000  -0.3039525
    8   0.0000000  -0.0000000  -0.0000000  -0.0000000  -0.3602418   0.0000000  -0.0000000   1.7016622  -0.0000000  -0.0000000
    9  -0.0066718   0.0205187  -0.1493327   0.4752549   0.0000000  -0.3202069  -0.0000000  -0.0000000   1.3744671   0.0000000
   10  -0.0000000   0.0000000  -0.0000000   0.0000000   0.0000000   0.0000000  -0.3039525  -0.0000000   0.0000000   1.1188213
   11   0.0028695  -0.0006931   0.0570819  -0.1528879  -0.0510625  -0.0335967   0.0000000  -0.1330073  -0.1599999  -0.0000000
   12   0.0062783  -0.0255487   0.1362283  -0.6090154   0.0868699   0.0388408   0.0000000  -0.6127885  -0.2763531   0.0000000
   13   0.0028695  -0.0006931   0.0570819  -0.1528879   0.0510625  -0.0335967  -0.0000000   0.1330073  -0.1599999   0.0000000
   14   0.0062783  -0.0255487   0.1362283  -0.6090154  -0.0868699   0.0388408   0.0000000   0.6127885  -0.2763531  -0.0000000

          11          12          13          14

    1   0.0028695   0.0062783   0.0028695   0.0062783
    2  -0.0006931  -0.0255487  -0.0006931  -0.0255487
    3   0.0570819   0.1362283   0.0570819   0.1362283
    4  -0.1528879  -0.6090154  -0.1528879  -0.6090154
    5  -0.0510625   0.0868699   0.0510625  -0.0868699
    6  -0.0335967   0.0388408  -0.0335967   0.0388408
    7   0.0000000   0.0000000  -0.0000000   0.0000000
    8  -0.1330073  -0.6127885   0.1330073   0.6127885
    9  -0.1599999  -0.2763531  -0.1599999  -0.2763531
   10  -0.0000000   0.0000000   0.0000000  -0.0000000
   11   1.3434367  -0.4177307   0.0277612   0.0503384
   12  -0.4177307   1.9127448   0.0503384  -0.3714478
   13   0.0277612   0.0503384   1.3434367  -0.4177307
   14   0.0503384  -0.3714478  -0.4177307   1.9127448

	Initial F' Matrix:

           1           2           3           4           5           6           7           8           9          10

    1  -6.6695586 -29.7173637  -0.3454939  -1.9567322   0.0000000   0.0215839   0.0000000  -0.0000000  -0.1606919   0.0000000
    2 -29.7173637   1.8073831  -4.5435902   0.5717244   0.0000000  -0.0185604   0.0000000  -0.0000000   0.1586191   0.0000000
    3  -0.3454939  -4.5435902  -8.2506270  -1.8091409  -0.0000000  -0.1182732  -0.0000000   0.0000000   0.0255967   0.0000000
    4  -1.9567322   0.5717244  -1.8091409  -4.3301947   0.0000000   0.0042797   0.0000000   0.0000000   0.0532702  -0.0000000
    5   0.0000000   0.0000000  -0.0000000   0.0000000  -8.2368708   0.0000000  -0.0000000  -0.2827735  -0.0000000  -0.0000000
    6   0.0215839  -0.0185604  -0.1182732   0.0042797   0.0000000  -8.1929015  -0.0000000  -0.0000000  -0.3607691  -0.0000000
    7   0.0000000   0.0000000  -0.0000000   0.0000000  -0.0000000  -0.0000000  -8.1489194   0.0000000   0.0000000  -0.3935247
    8  -0.0000000  -0.0000000   0.0000000  -0.0000000  -0.2827735  -0.0000000   0.0000000  -3.5788198   0.0000000   0.0000000
    9  -0.1606919   0.1586191   0.0255967   0.0532702  -0.0000000  -0.3607691   0.0000000   0.0000000  -3.5619183  -0.0000000
   10   0.0000000   0.0000000   0.0000000  -0.0000000  -0.0000000  -0.0000000  -0.3935247   0.0000000  -0.0000000  -3.6157135
   11   0.0020265   0.0017528  -0.0668127  -0.2444342  -0.1410080  -0.1086926  -0.0000000  -0.2608318  -0.2352070   0.0000000
   12  -0.0024477  -0.3758020  -0.3811658  -0.6078198  -0.2454745  -0.1505151  -0.0000000  -0.1332617  -0.0948509  -0.0000000
   13   0.0020265   0.0017528  -0.0668127  -0.2444342   0.1410080  -0.1086926   0.0000000   0.2608318  -0.2352070   0.0000000
   14  -0.0024477  -0.3758020  -0.3811658  -0.6078198   0.2454745  -0.1505151  -0.0000000   0.1332617  -0.0948509   0.0000000

          11          12          13          14

    1   0.0020265  -0.0024477   0.0020265  -0.0024477
    2   0.0017528  -0.3758020   0.0017528  -0.3758020
    3  -0.0668127  -0.3811658  -0.0668127  -0.3811658
    4  -0.2444342  -0.6078198  -0.2444342  -0.6078198
    5  -0.1410080  -0.2454745   0.1410080   0.2454745
    6  -0.1086926  -0.1505151  -0.1086926  -0.1505151
    7  -0.0000000  -0.0000000   0.0000000  -0.0000000
    8  -0.2608318  -0.1332617   0.2608318   0.1332617
    9  -0.2352070  -0.0948509  -0.2352070  -0.0948509
   10   0.0000000  -0.0000000   0.0000000   0.0000000
   11  -3.7670960  -0.5152751   0.0714565  -0.0157822
   12  -0.5152751  -2.6631507  -0.0157822  -0.2547049
   13   0.0714565  -0.0157822  -3.7670960  -0.5152751
   14  -0.0157822  -0.2547049  -0.5152751  -2.6631507

	Initial C Matrix:

           1           2           3           4           5           6           7           8           9          10

    1   0.6280732   0.2258886   0.0000000   0.0605171  -0.0000000  -0.0915078   0.0000000  -0.0604184   0.0000000  -0.0000000
    2   0.4292397   0.2021183   0.0000000   0.0514855  -0.0000000  -0.0784796   0.0000000  -0.0517677   0.0000000  -0.0000000
    3  -0.0512602  -1.2218028  -0.0000000  -0.3098082   0.0000000   1.0367575  -0.0000000   0.8088599  -0.0000000   0.0000000
    4   0.0285796   0.2678803  -0.0000000   0.0106576   0.0000000  -1.3518974   0.0000000  -1.2111249   0.0000000  -0.0000000
    5  -0.0000000  -0.0000000  -1.1083318   0.0000000  -0.0000000  -0.0000000  -0.3228585   0.0000000  -0.0000000  -0.3087369
    6  -0.0000129  -0.2888995   0.0000000   1.0550998  -0.0000000   0.1797043  -0.0000000  -0.2981431  -0.0000000   0.0000000
    7  -0.0000000  -0.0000000  -0.0000000   0.0000000   1.0885977  -0.0000000   0.0000000  -0.0000000  -0.3988776   0.0000000
    8   0.0000000   0.0000000   0.3121492  -0.0000000   0.0000000  -0.0000000   0.5273485  -0.0000000   0.0000000   1.6515151
    9   0.0047188   0.1053383  -0.0000000  -0.2141580   0.0000000  -0.3714148   0.0000000   0.6175432   0.0000000  -0.0000000
   10   0.0000000   0.0000000   0.0000000  -0.0000000  -0.2067832  -0.0000000  -0.0000000   0.0000000   1.1407844  -0.0000000
   11  -0.0007873  -0.0123031   0.0279490  -0.0195130  -0.0000000  -0.3129911   0.6070743   0.4057711  -0.0000000  -0.5481735
   12  -0.0057923  -0.0619227  -0.1325008   0.0375542  -0.0000000   0.1679731  -0.1704577  -0.0117229  -0.0000000  -0.5320213
   13  -0.0007873  -0.0123031  -0.0279490  -0.0195130  -0.0000000  -0.3129911  -0.6070743   0.4057711  -0.0000000   0.5481735
   14  -0.0057923  -0.0619227   0.1325008   0.0375542   0.0000000   0.1679731   0.1704577  -0.0117229   0.0000000   0.5320213

          11          12          13          14

    1  -0.0343412  -0.0344830   0.0000000   1.7075782
    2  -0.0329348  -0.0264815   0.0000000  -1.8975340
    3   0.6543159   0.5134953  -0.0000000   0.4678272
    4  -1.4142202  -1.5395765   0.0000000  -0.3902718
    5   0.0000000  -0.0000000  -0.1054536  -0.0000000
    6   0.2347642   0.0590622   0.0000000   0.0112865
    7  -0.0000000  -0.0000000  -0.0000000  -0.0000000
    8  -0.0000000   0.0000000   0.8418990   0.0000000
    9  -1.2781883  -0.4779373  -0.0000000  -0.0760753
   10   0.0000000  -0.0000000   0.0000000  -0.0000000
   11   0.7742269  -0.4451615   0.5705517   0.0144339
   12   0.2935030   1.2633109  -1.6648451   0.0871055
   13   0.7742269  -0.4451615  -0.5705517   0.0144339
   14   0.2935030   1.2633109   1.6648451   0.0871055

	Initial Density Matrix:

           1           2           3           4           5           6           7           8           9          10

    1   0.4491640   0.3183659  -0.3269352   0.0791062  -0.0000000  -0.0014156  -0.0000000   0.0000000   0.0137982   0.0000000
    2   0.3183659   0.2277493  -0.2849023   0.0669597  -0.0000000  -0.0040751  -0.0000000   0.0000000   0.0122902   0.0000000
    3  -0.3269352  -0.2849023   1.5914109  -0.3320638   0.0000000   0.0261003   0.0000000  -0.0000000  -0.0625966  -0.0000000
    4   0.0791062   0.0669597  -0.3320638   0.0726902  -0.0000000  -0.0661460   0.0000000   0.0000000   0.0260705  -0.0000000
    5  -0.0000000  -0.0000000   0.0000000  -0.0000000   1.2283995  -0.0000000  -0.0000000  -0.3459649   0.0000000   0.0000000
    6  -0.0014156  -0.0040751   0.0261003  -0.0661460  -0.0000000   1.1966985  -0.0000000   0.0000000  -0.2563903   0.0000000
    7  -0.0000000  -0.0000000   0.0000000   0.0000000  -0.0000000  -0.0000000   1.1850450   0.0000000   0.0000000  -0.2251037
    8   0.0000000   0.0000000  -0.0000000   0.0000000  -0.3459649   0.0000000   0.0000000   0.0974371  -0.0000000  -0.0000000
    9   0.0137982   0.0122902  -0.0625966   0.0260705   0.0000000  -0.2563903   0.0000000  -0.0000000   0.0569821  -0.0000000
   10   0.0000000   0.0000000  -0.0000000  -0.0000000   0.0000000   0.0000000  -0.2251037  -0.0000000  -0.0000000   0.0427593
   11  -0.0044545  -0.0038292   0.0211176  -0.0035262  -0.0309767  -0.0170338  -0.0000000   0.0087242   0.0028792   0.0000000
   12  -0.0153530  -0.0130685   0.0643197  -0.0163532   0.1468549   0.0575130  -0.0000000  -0.0413600  -0.0145927   0.0000000
   13  -0.0044545  -0.0038292   0.0211176  -0.0035262   0.0309767  -0.0170338  -0.0000000  -0.0087242   0.0028792   0.0000000
   14  -0.0153530  -0.0130685   0.0643197  -0.0163532  -0.1468549   0.0575130   0.0000000   0.0413600  -0.0145927  -0.0000000

          11          12          13          14

    1  -0.0044545  -0.0153530  -0.0044545  -0.0153530
    2  -0.0038292  -0.0130685  -0.0038292  -0.0130685
    3   0.0211176   0.0643197   0.0211176   0.0643197
    4  -0.0035262  -0.0163532  -0.0035262  -0.0163532
    5  -0.0309767   0.1468549   0.0309767  -0.1468549
    6  -0.0170338   0.0575130  -0.0170338   0.0575130
    7  -0.0000000  -0.0000000  -0.0000000   0.0000000
    8   0.0087242  -0.0413600  -0.0087242   0.0413600
    9   0.0028792  -0.0145927   0.0028792  -0.0145927
   10   0.0000000   0.0000000   0.0000000  -0.0000000
   11   0.0013139  -0.0036697  -0.0002484   0.0037369
   12  -0.0036697   0.0228348   0.0037369  -0.0122782
   13  -0.0002484   0.0037369   0.0013139  -0.0036697
   14   0.0037369  -0.0122782  -0.0036697   0.0228348


 Iter        E(elec)              E(tot)               Delta(E)             RMS(D)
 00    -132.798981914282    -124.796614852471

	Fock Matrix:

           1           2           3           4           5           6           7           8           9          10

    1 -12.9345791 -19.1805975  -7.2302977  -3.2823695   0.0000000  -0.0179180   0.0000000  -0.0000000  -0.0032220   0.0000000
    2 -19.1805975 -10.8142636  -6.0048818  -2.9466986   0.0000000  -0.0212920   0.0000000   0.0000000  -0.0024868   0.0000000
    3  -7.2302977  -6.0048818  -2.3555669  -1.4597105  -0.0000000  -0.1414377   0.0000000   0.0000000  -0.0786739   0.0000000
    4  -3.2823695  -2.9466986  -1.4597105  -0.6272387   0.0000000  -0.1626753   0.0000000   0.0000000  -0.2033920   0.0000000
    5   0.0000000   0.0000000  -0.0000000   0.0000000   1.0871062   0.0000000  -0.0000000  -0.0141120  -0.0000000  -0.0000000
    6  -0.0179180  -0.0212920  -0.1414377  -0.1626753   0.0000000   1.1228012  -0.0000000  -0.0000000   0.0166637  -0.0000000
    7   0.0000000   0.0000000   0.0000000   0.0000000  -0.0000000  -0.0000000   1.1776804  -0.0000000  -0.0000000   0.0690468
    8  -0.0000000   0.0000000   0.0000000   0.0000000  -0.0141120  -0.0000000  -0.0000000   0.3759397  -0.0000000  -0.0000000
    9  -0.0032220  -0.0024868  -0.0786739  -0.2033920  -0.0000000   0.0166637  -0.0000000  -0.0000000   0.4514739  -0.0000000
   10   0.0000000   0.0000000   0.0000000   0.0000000  -0.0000000  -0.0000000   0.0690468  -0.0000000  -0.0000000   0.5722572
   11  -0.3496285  -0.3419488  -0.3493378  -0.2354052  -0.1291556  -0.1164503   0.0000000  -0.0411344  -0.0515846   0.0000000
   12  -1.1130468  -1.0222617  -0.6461677  -0.3190412  -0.0541921  -0.1090654   0.0000000   0.0694961  -0.0528832   0.0000000
   13  -0.3496285  -0.3419488  -0.3493378  -0.2354052   0.1291556  -0.1164503   0.0000000   0.0411344  -0.0515846   0.0000000
   14  -1.1130468  -1.0222617  -0.6461677  -0.3190412   0.0541921  -0.1090654   0.0000000  -0.0694961  -0.0528832   0.0000000

          11          12          13          14

    1  -0.3496285  -1.1130468  -0.3496285  -1.1130468
    2  -0.3419488  -1.0222617  -0.3419488  -1.0222617
    3  -0.3493378  -0.6461677  -0.3493378  -0.6461677
    4  -0.2354052  -0.3190412  -0.2354052  -0.3190412
    5  -0.1291556  -0.0541921   0.1291556   0.0541921
    6  -0.1164503  -0.1090654  -0.1164503  -0.1090654
    7   0.0000000   0.0000000   0.0000000   0.0000000
    8  -0.0411344   0.0694961   0.0411344  -0.0694961
    9  -0.0515846  -0.0528832  -0.0515846  -0.0528832
   10   0.0000000   0.0000000   0.0000000   0.0000000
   11   0.2964628  -0.1937347  -0.0552060  -0.1243929
   12  -0.1937347  -0.1126352  -0.1243929  -0.1707662
   13  -0.0552060  -0.1243929   0.2964628  -0.1937347
   14  -0.1243929  -0.1707662  -0.1937347  -0.1126352
 01     -68.850894452772     -60.848527390961      63.948087461510       4.935281701149
 02     -95.901449040118     -87.899081978308     -27.050554587346       4.345238332117
 03     -74.587586343951     -66.585219282140      21.313862696167       2.145005122635
 04     -91.278668433461     -83.276301371651     -16.691082089510       1.819741256945
 05     -78.537184444565     -70.534817382754      12.741483988896       1.092752792730
 06     -87.998977364322     -79.996610302511      -9.461792919757       0.850372902576
 07     -81.091202826782     -73.088835764971       6.907774537540       0.571304030605
 08     -86.060052070328     -78.057685008518      -4.968849243547       0.424707736617
 09     -82.504507711263     -74.502140649453       3.555544359065       0.292101938147
 10     -85.030906363244     -77.028539301434      -2.526398651981       0.212115172680
 11     -83.237393342602     -75.235026280792       1.793513020642       0.147459722939
 12     -84.506844987724     -76.504477925914      -1.269451645122       0.105765110366
 13     -83.608159340229     -75.605792278418       0.898685647495       0.074033606064
 14     -84.243585050153     -76.241217988343      -0.635425709924       0.052749265023
 15     -83.794164746828     -75.791797685018       0.449420303325       0.037080965857
 16     -84.111858514967     -76.109491453156      -0.317693768138       0.026325546039
 17     -83.887232465023     -75.884865403212       0.224626049944       0.018552042038
 18     -84.046015331432     -76.043648269622      -0.158782866410       0.013145253229
 19     -83.933760325346     -75.931393263535       0.112255006087       0.009276668654
 20     -84.013111664155     -76.010744602344      -0.079351338809       0.006566094412
 21     -83.957015055900     -75.954647994089       0.056096608255       0.004637318527
 22     -83.996669432447     -75.994302370637      -0.039654376548       0.003280428910
 23     -83.968636747708     -75.966269685898       0.028032684739       0.002317794031
 24     -83.988453084451     -75.986086022640      -0.019816336742       0.001639086735
 25     -83.974444550703     -75.972077488893       0.014008533748       0.001158368239
 26     -83.984347256722     -75.981980194912      -0.009902706019       0.000819029487
 27     -83.977346886630     -75.974979824819       0.007000370093       0.000578893795
 28     -83.982295501589     -75.979928439779      -0.004948614960       0.000409271487
 29     -83.978797261530     -75.976430199719       0.003498240059       0.000289294748
 30     -83.981270198772     -75.978903136961      -0.002472937242       0.000204517863
 31     -83.979522049941     -75.977154988130       0.001748148831       0.000144569424
 32     -83.980757833324     -75.978390771514      -0.001235783383       0.000102201023
 33     -83.979884244014     -75.977517182204       0.000873589310       0.000072245239
 34     -83.980501793145     -75.978134731335      -0.000617549131       0.000051071844
 35     -83.980065240844     -75.977698179034       0.000436552301       0.000036102753
 36     -83.980373844189     -75.978006782379      -0.000308603345       0.000025521670
 37     -83.980155689130     -75.977788627320       0.000218155059       0.000018041410
 38     -83.980309905230     -75.977942843419      -0.000154216100       0.000012753733
 39     -83.980200888208     -75.977833826397       0.000109017022       0.000009015714
 40     -83.980277953492     -75.977910891682      -0.000077065284       0.000006373323
 41     -83.980223475216     -75.977856413406       0.000054478276       0.000004505360
 42     -83.980261986487     -75.977894924677      -0.000038511271       0.000003184892
 43     -83.980234762458     -75.977867700648       0.000027224029       0.000002251432
 44     -83.980254007414     -75.977886945603      -0.000019244955       0.000001591562
 45     -83.980240402949     -75.977873341139       0.000013604464       0.000001125092
 46     -83.980250020090     -75.977882958279      -0.000009617141       0.000000795340
 47     -83.980243221631     -75.977876159820       0.000006798459       0.000000562234
 48     -83.980248027534     -75.977880965723      -0.000004805903       0.000000397449
 49     -83.980244630190     -75.977877568379       0.000003397344       0.000000280961
 50     -83.980247031808     -75.977879969998      -0.000002401619       0.000000198614
 51     -83.980245334078     -75.977878272268       0.000001697730       0.000000140403
 52     -83.980246534222     -75.977879472411      -0.000001200143       0.000000099252
 53     -83.980245685828     -75.977878624017       0.000000848394       0.000000070162
 54     -83.980246285567     -75.977879223756      -0.000000599739       0.000000049599
 55     -83.980245861605     -75.977878799794       0.000000423962       0.000000035062
 56     -83.980246161308     -75.977879099497      -0.000000299703       0.000000024785
 57     -83.980245949445     -75.977878887634       0.000000211863       0.000000017521
 58     -83.980246099213     -75.977879037402      -0.000000149768       0.000000012386
 59     -83.980245993340     -75.977878931530       0.000000105873       0.000000008756
 60     -83.980246068183     -75.977879006372      -0.000000074843       0.000000006190
 61     -83.980246015276     -75.977878953465       0.000000052907       0.000000004375
 62     -83.980246052676     -75.977878990866      -0.000000037401       0.000000003093
 63     -83.980246026237     -75.977878964427       0.000000026439       0.000000002187
 64     -83.980246044927     -75.977878983117      -0.000000018690       0.000000001546
 65     -83.980246031715     -75.977878969905       0.000000013212       0.000000001093
 66     -83.980246041055     -75.977878979244      -0.000000009340       0.000000000772
 67     -83.980246034453     -75.977878972642       0.000000006602       0.000000000546
 68     -83.980246039120     -75.977878977309      -0.000000004667       0.000000000386
 69     -83.980246035821     -75.977878974010       0.000000003299       0.000000000273
 70     -83.980246038153     -75.977878976342      -0.000000002332       0.000000000193
 71     -83.980246036504     -75.977878974694       0.000000001649       0.000000000136
 72     -83.980246037670     -75.977878975859      -0.000000001165       0.000000000096
 73     -83.980246036846     -75.977878975035       0.000000000824       0.000000000068
 74     -83.980246037428     -75.977878975618      -0.000000000582       0.000000000048
 75     -83.980246037016     -75.977878975206       0.000000000412       0.000000000034
 76     -83.980246037308     -75.977878975497      -0.000000000291       0.000000000024
 77     -83.980246037102     -75.977878975291       0.000000000206       0.000000000017
 78     -83.980246037247     -75.977878975437      -0.000000000145       0.000000000012
 79     -83.980246037144     -75.977878975334       0.000000000103       0.000000000008
 80     -83.980246037217     -75.977878975406      -0.000000000072       0.000000000006
 81     -83.980246037166     -75.977878975355       0.000000000051       0.000000000004
 82     -83.980246037202     -75.977878975391      -0.000000000036       0.000000000003
 83     -83.980246037176     -75.977878975366       0.000000000026       0.000000000002
 84     -83.980246037194     -75.977878975384      -0.000000000018       0.000000000001
 85     -83.980246037182     -75.977878975371       0.000000000013       0.000000000001
 86     -83.980246037191     -75.977878975380      -0.000000000009       0.000000000001
 87     -83.980246037184     -75.977878975374       0.000000000006       0.000000000001
 88     -83.980246037189     -75.977878975378      -0.000000000005       0.000000000000
 89     -83.980246037186     -75.977878975375       0.000000000003       0.000000000000
 90     -83.980246037188     -75.977878975377      -0.000000000002       0.000000000000
 91     -83.980246037186     -75.977878975376       0.000000000001       0.000000000000
 92     -83.980246037187     -75.977878975377      -0.000000000001       0.000000000000

           1           2           3           4           5           6           7           8           9          10

    1  -0.0000000  -0.0000000  -0.0000000  -0.0000000  -0.0657570   0.0000000  -0.0000000  -0.0107439  -0.0000000  -0.0000000
    2  -0.0000000  -0.0000000  -0.0000000  -0.0000000  -0.0763908   0.0000000  -0.0000000  -0.0075187   0.0000000  -0.0000000
    3  -0.0000000  -0.0000000  -0.0000000  -0.0000000  -0.4955483   0.0000000  -0.0000000  -0.2744942   0.0000000   0.0000000
    4  -0.0000000  -0.0000000  -0.0000000  -0.0000000  -0.5785246  -0.0000000   0.0000000  -0.9135863   0.0000000   0.0000000
    5  -0.0657570  -0.0763908  -0.4955483  -0.5785246  -0.0000000   0.0000000   0.0000000  -0.0000000   0.0000000  -0.0000000
    6   0.0000000   0.0000000   0.0000000  -0.0000000   0.0000000  -0.0000000   0.0000000   0.0000000  -0.0000000   0.0000000
    7  -0.0000000  -0.0000000  -0.0000000   0.0000000   0.0000000   0.0000000  -0.0000000  -0.0000000   0.0000000  -0.0000000
    8  -0.0107439  -0.0075187  -0.2744942  -0.9135863  -0.0000000   0.0000000  -0.0000000  -0.0000000   0.0000000   0.0000000
    9  -0.0000000   0.0000000   0.0000000   0.0000000   0.0000000  -0.0000000   0.0000000   0.0000000  -0.0000000   0.0000000
   10  -0.0000000  -0.0000000   0.0000000   0.0000000  -0.0000000   0.0000000  -0.0000000   0.0000000   0.0000000  -0.0000000
   11  -0.0033167  -0.0021022  -0.1122107  -0.3994378  -0.2478997  -0.1240176   0.0000000  -0.7172015  -0.4204084   0.0000000
   12  -0.0028978  -0.0019569  -0.0853768  -0.3765106  -0.3221755  -0.0361937   0.0000000  -1.1058828  -0.2608900   0.0000000
   13   0.0033167   0.0021022   0.1122107   0.3994378  -0.2478997   0.1240176  -0.0000000  -0.7172015   0.4204084  -0.0000000
   14   0.0028978   0.0019569   0.0853768   0.3765106  -0.3221755   0.0361937  -0.0000000  -1.1058828   0.2608900  -0.0000000

          11          12          13          14

    1  -0.0033167  -0.0028978   0.0033167   0.0028978
    2  -0.0021022  -0.0019569   0.0021022   0.0019569
    3  -0.1122107  -0.0853768   0.1122107   0.0853768
    4  -0.3994378  -0.3765106   0.3994378   0.3765106
    5  -0.2478997  -0.3221755  -0.2478997  -0.3221755
    6  -0.1240176  -0.0361937   0.1240176   0.0361937
    7   0.0000000   0.0000000  -0.0000000  -0.0000000
    8  -0.7172015  -1.1058828  -0.7172015  -1.1058828
    9  -0.4204084  -0.2608900   0.4204084   0.2608900
   10   0.0000000   0.0000000  -0.0000000  -0.0000000
   11  -1.6380368  -1.1188778   0.0000000  -0.1454915
   12  -1.1188778  -1.6380368   0.1454915   0.0000000
   13   0.0000000   0.1454915   1.6380368   1.1188778
   14  -0.1454915   0.0000000   1.1188778   1.6380368

           1           2           3           4           5           6           7           8           9          10

    1   0.3572894   0.2951712  -0.0775093  -0.0747510  -0.0000000   0.0149199  -0.0000000   0.0000000   0.0090562  -0.0000000
    2   0.2951712   0.2503195  -0.1071597  -0.1042236  -0.0000000   0.0205469  -0.0000000   0.0000000   0.0128980  -0.0000000
    3  -0.0775093  -0.1071597   0.3046369   0.3004449   0.0000000  -0.0668819   0.0000000  -0.0000000  -0.0427649   0.0000000
    4  -0.0747510  -0.1042236   0.3004449   0.2992919   0.0000000  -0.0988577   0.0000000  -0.0000000  -0.0596112   0.0000000
    5  -0.0000000  -0.0000000   0.0000000   0.0000000   0.3091959  -0.0000000  -0.0000000   0.1207370   0.0000000  -0.0000000
    6   0.0149199   0.0205469  -0.0668819  -0.0988577  -0.0000000   0.3784894   0.0000000   0.0000000   0.2021692   0.0000000
    7  -0.0000000  -0.0000000   0.0000000   0.0000000  -0.0000000   0.0000000   0.5363885  -0.0000000   0.0000000   0.2963384
    8   0.0000000   0.0000000  -0.0000000  -0.0000000   0.1207370   0.0000000  -0.0000000   0.0471462   0.0000000  -0.0000000
    9   0.0090562   0.0128980  -0.0427649  -0.0596112   0.0000000   0.2021692   0.0000000   0.0000000   0.1081589   0.0000000
   10  -0.0000000  -0.0000000   0.0000000   0.0000000  -0.0000000   0.0000000   0.2963384  -0.0000000   0.0000000   0.1637180
   11  -0.0077236  -0.0105986   0.0272982   0.0174518   0.1284597   0.0987376  -0.0000000   0.0501619   0.0516650  -0.0000000
   12   0.0023064   0.0033119  -0.0113312  -0.0165866   0.0874269   0.0623219   0.0000000   0.0341391   0.0332972   0.0000000
   13  -0.0077236  -0.0105986   0.0272982   0.0174518  -0.1284597   0.0987376  -0.0000000  -0.0501619   0.0516650  -0.0000000
   14   0.0023064   0.0033119  -0.0113312  -0.0165866  -0.0874269   0.0623219  -0.0000000  -0.0341391   0.0332972  -0.0000000

          11          12          13          14

    1  -0.0077236   0.0023064  -0.0077236   0.0023064
    2  -0.0105986   0.0033119  -0.0105986   0.0033119
    3   0.0272982  -0.0113312   0.0272982  -0.0113312
    4   0.0174518  -0.0165866   0.0174518  -0.0165866
    5   0.1284597   0.0874269  -0.1284597  -0.0874269
    6   0.0987376   0.0623219   0.0987376   0.0623219
    7  -0.0000000   0.0000000  -0.0000000  -0.0000000
    8   0.0501619   0.0341391  -0.0501619  -0.0341391
    9   0.0516650   0.0332972   0.0516650   0.0332972
   10  -0.0000000   0.0000000  -0.0000000  -0.0000000
   11   0.0859661   0.0525323  -0.0207747  -0.0201132
   12   0.0525323   0.0349829  -0.0201132  -0.0144580
   13  -0.0207747  -0.0201132   0.0859661   0.0525323
   14  -0.0201132  -0.0144580   0.0525323   0.0349829

Mu-X =       0.000000000000
Mu-Y =       1.070995737060
Mu-Z =       0.000000000000
Total dipole moment (au) =       1.070995737060

Charge on atom 0:      -0.771301809588
Charge on atom 1:       0.385650904794
Charge on atom 2:       0.385650904794
