ESCF =      -75.977878975377
ECCSD =       -0.159855618083
E(T) =      -0.001538065776
ECCSD(T) =     -76.139272659236
