ESCF =      -39.726850324347
ECCSD =       -0.078335022658
E(T) =      -0.000136278738
ECCSD(T) =     -39.805321625743
