ESCF =      -74.942079928192
ECCSD =       -0.070680088376
E(T) =      -0.000099877272
ECCSD(T) =     -75.012859893840
