Escf =     -76.008821792901
Emp2 =      -0.222519233815
Etot =     -76.231341026716
