Escf =     -39.726850324347
Emp2 =      -0.056046676165
Etot =     -39.782897000512
