ESCF =      -76.008821792901
ECCSD =       -0.231572131873
E(T) =      -0.003855328165
ECCSD(T) =     -76.244249252939
