Escf =     -74.942079928192
Emp2 =      -0.049149636120
Etot =     -74.991229564312
