
Nuclear repulsion energy =         8.0023670618

	Overlap Integrals:

           1           2           3           4           5           6           7           8           9          10

    1   1.0000000   0.8380557   0.3393514   0.1609665   0.0000000  -0.0000000   0.0000000   0.0000000   0.0000000   0.0000000
    2   0.8380557   1.0000000   0.4321873   0.1943843  -0.0000000  -0.0000000   0.0000000   0.0000000   0.0000000   0.0000000
    3   0.3393514   0.4321873   1.0000000   0.7764487   0.0000000  -0.0000000   0.0000000   0.0000000   0.0000000   0.0000000
    4   0.1609665   0.1943843   0.7764487   1.0000000   0.0000000   0.0000000  -0.0000000   0.0000000   0.0000000   0.0000000
    5   0.0000000  -0.0000000   0.0000000   0.0000000   1.0000000   0.0000000  -0.0000000   0.5059985   0.0000000   0.0000000
    6  -0.0000000  -0.0000000  -0.0000000   0.0000000   0.0000000   1.0000000   0.0000000   0.0000000   0.5059985   0.0000000
    7   0.0000000   0.0000000   0.0000000  -0.0000000  -0.0000000   0.0000000   1.0000000   0.0000000   0.0000000   0.5059985
    8   0.0000000   0.0000000   0.0000000   0.0000000   0.5059985   0.0000000   0.0000000   1.0000000   0.0000000   0.0000000
    9   0.0000000   0.0000000   0.0000000   0.0000000   0.0000000   0.5059985   0.0000000   0.0000000   1.0000000   0.0000000
   10   0.0000000   0.0000000   0.0000000   0.0000000   0.0000000   0.0000000   0.5059985   0.0000000   0.0000000   1.0000000
   11   0.0442419   0.0383856   0.5473471   0.6983397  -0.0000000   0.0000000  -0.0000000   0.0000000   0.0000000   0.0000000
   12  -0.0000000   0.0000000   0.0000000   0.0000000   0.0000000  -0.0000000   0.0000000   0.0000000   0.0000000   0.0000000
   13   0.0000000   0.0000000   0.0000000   0.0000000  -0.0000000   0.0000000  -0.0000000   0.0000000   0.0000000   0.0000000
   14   0.0442419   0.0383856   0.5473471   0.6983397  -0.0000000   0.0000000  -0.0000000   0.0000000   0.0000000   0.0000000
   15  -0.0000000   0.0000000   0.0000000   0.0000000   0.0000000  -0.0000000   0.0000000   0.0000000   0.0000000   0.0000000
   16   0.0442419   0.0383856   0.5473471   0.6983397  -0.0000000   0.0000000  -0.0000000   0.0000000   0.0000000   0.0000000
   17   0.0179951   0.0199736   0.1595600   0.3395977   0.2070784   0.1617873  -0.0000000   0.4236441   0.3309871  -0.0000000
   18   0.0552886   0.0653163   0.3279305   0.5981919   0.1604978   0.1253946  -0.0000000   0.4491494   0.3509139  -0.0000000
   19  -0.0424126  -0.0489016  -0.2577441  -0.2701125  -0.1765237  -0.2580102   0.0000000   0.0329739  -0.2138531   0.0000000
   20  -0.0331364  -0.0382061  -0.2013718  -0.2110350  -0.2580102  -0.0478654   0.0000000  -0.2138531   0.1396130   0.0000000
   21   0.0000000   0.0000000   0.0000000   0.0000000   0.0000000   0.0000000   0.1537143   0.0000000   0.0000000   0.3066934
   22   0.0179951   0.0199736   0.1595600   0.3395977  -0.2070784   0.1617873  -0.0000000  -0.4236441   0.3309871  -0.0000000
   23   0.0552886   0.0653163   0.3279305   0.5981919  -0.1604978   0.1253946  -0.0000000  -0.4491494   0.3509139  -0.0000000
   24   0.0424126   0.0489016   0.2577441   0.2701125  -0.1765237   0.2580102  -0.0000000   0.0329739   0.2138531  -0.0000000
   25  -0.0331364  -0.0382061  -0.2013718  -0.2110350   0.2580102  -0.0478654   0.0000000   0.2138531   0.1396130   0.0000000
   26   0.0000000   0.0000000   0.0000000   0.0000000  -0.0000000   0.0000000   0.1537143  -0.0000000   0.0000000   0.3066934

          11          12          13          14          15          16          17          18          19          20

    1   0.0442419  -0.0000000   0.0000000   0.0442419  -0.0000000   0.0442419   0.0179951   0.0552886  -0.0424126  -0.0331364
    2   0.0383856   0.0000000   0.0000000   0.0383856   0.0000000   0.0383856   0.0199736   0.0653163  -0.0489016  -0.0382061
    3   0.5473471   0.0000000   0.0000000   0.5473471   0.0000000   0.5473471   0.1595600   0.3279305  -0.2577441  -0.2013718
    4   0.6983397   0.0000000   0.0000000   0.6983397   0.0000000   0.6983397   0.3395977   0.5981919  -0.2701125  -0.2110350
    5  -0.0000000   0.0000000  -0.0000000  -0.0000000   0.0000000  -0.0000000   0.2070784   0.1604978  -0.1765237  -0.2580102
    6   0.0000000  -0.0000000   0.0000000   0.0000000  -0.0000000   0.0000000   0.1617873   0.1253946  -0.2580102  -0.0478654
    7  -0.0000000   0.0000000  -0.0000000  -0.0000000   0.0000000  -0.0000000  -0.0000000  -0.0000000   0.0000000   0.0000000
    8   0.0000000   0.0000000   0.0000000   0.0000000   0.0000000   0.0000000   0.4236441   0.4491494   0.0329739  -0.2138531
    9   0.0000000   0.0000000   0.0000000   0.0000000   0.0000000   0.0000000   0.3309871   0.3509139  -0.2138531   0.1396130
   10   0.0000000   0.0000000   0.0000000   0.0000000   0.0000000   0.0000000  -0.0000000  -0.0000000   0.0000000   0.0000000
   11   1.0000000   0.0000000   0.0000000   0.3333333   0.0000000   0.3333333   0.3059041   0.3877574  -0.1848964  -0.3716831
   12   0.0000000   0.3333333   0.0000000   0.0000000   0.0000000   0.0000000   0.1534841   0.0428439  -0.1293084  -0.0443730
   13   0.0000000   0.0000000   0.3333333   0.0000000   0.0000000   0.0000000  -0.0000000  -0.0000000   0.0000000   0.0000000
   14   0.3333333   0.0000000   0.0000000   1.0000000   0.0000000   0.3333333   0.2293683   0.3663930  -0.3545984  -0.0498164
   15   0.0000000   0.0000000   0.0000000   0.0000000   0.3333333   0.0000000  -0.0000000  -0.0000000   0.0000000   0.0000000
   16   0.3333333   0.0000000   0.0000000   0.3333333   0.0000000   1.0000000   0.1094534   0.3329197  -0.1648073  -0.1287616
   17   0.3059041   0.1534841  -0.0000000   0.2293683  -0.0000000   0.1094534   1.0000000   0.6830602   0.0000000   0.0000000
   18   0.3877574   0.0428439  -0.0000000   0.3663930  -0.0000000   0.3329197   0.6830602   1.0000000   0.0000000   0.0000000
   19  -0.1848964  -0.1293084   0.0000000  -0.3545984   0.0000000  -0.1648073   0.0000000   0.0000000   1.0000000   0.0000000
   20  -0.3716831  -0.0443730   0.0000000  -0.0498164   0.0000000  -0.1287616   0.0000000   0.0000000   0.0000000   1.0000000
   21   0.0000000   0.0000000   0.1454182   0.0000000   0.1136131  -0.0000000   0.0000000   0.0000000   0.0000000   0.0000000
   22   0.3059041  -0.1534841   0.0000000   0.2293683  -0.0000000   0.1094534   0.0208962   0.1481732  -0.0519937  -0.0000000
   23   0.3877574  -0.0428439   0.0000000   0.3663930  -0.0000000   0.3329197   0.1481732   0.3855594  -0.1623890  -0.0000000
   24   0.1848964  -0.1293084   0.0000000   0.3545984  -0.0000000   0.1648073   0.0519937   0.1623890  -0.1259600  -0.0000000
   25  -0.3716831   0.0443730  -0.0000000  -0.0498164   0.0000000  -0.1287616   0.0000000   0.0000000  -0.0000000   0.0178679
   26   0.0000000  -0.0000000  -0.1454182   0.0000000   0.1136131  -0.0000000   0.0000000   0.0000000  -0.0000000  -0.0000000

          21          22          23          24          25          26

    1   0.0000000   0.0179951   0.0552886   0.0424126  -0.0331364   0.0000000
    2   0.0000000   0.0199736   0.0653163   0.0489016  -0.0382061   0.0000000
    3   0.0000000   0.1595600   0.3279305   0.2577441  -0.2013718   0.0000000
    4   0.0000000   0.3395977   0.5981919   0.2701125  -0.2110350   0.0000000
    5   0.0000000  -0.2070784  -0.1604978  -0.1765237   0.2580102  -0.0000000
    6   0.0000000   0.1617873   0.1253946   0.2580102  -0.0478654   0.0000000
    7   0.1537143  -0.0000000  -0.0000000  -0.0000000   0.0000000   0.1537143
    8   0.0000000  -0.4236441  -0.4491494   0.0329739   0.2138531  -0.0000000
    9   0.0000000   0.3309871   0.3509139   0.2138531   0.1396130   0.0000000
   10   0.3066934  -0.0000000  -0.0000000  -0.0000000   0.0000000   0.3066934
   11   0.0000000   0.3059041   0.3877574   0.1848964  -0.3716831   0.0000000
   12   0.0000000  -0.1534841  -0.0428439  -0.1293084   0.0443730  -0.0000000
   13   0.1454182   0.0000000   0.0000000   0.0000000  -0.0000000  -0.1454182
   14   0.0000000   0.2293683   0.3663930   0.3545984  -0.0498164   0.0000000
   15   0.1136131  -0.0000000  -0.0000000  -0.0000000   0.0000000   0.1136131
   16  -0.0000000   0.1094534   0.3329197   0.1648073  -0.1287616  -0.0000000
   17   0.0000000   0.0208962   0.1481732   0.0519937   0.0000000   0.0000000
   18   0.0000000   0.1481732   0.3855594   0.1623890   0.0000000   0.0000000
   19   0.0000000  -0.0519937  -0.1623890  -0.1259600  -0.0000000  -0.0000000
   20   0.0000000  -0.0000000  -0.0000000  -0.0000000   0.0178679  -0.0000000
   21   1.0000000  -0.0000000  -0.0000000  -0.0000000  -0.0000000   0.0178679
   22  -0.0000000   1.0000000   0.6830602   0.0000000   0.0000000   0.0000000
   23  -0.0000000   0.6830602   1.0000000   0.0000000   0.0000000   0.0000000
   24  -0.0000000   0.0000000   0.0000000   1.0000000   0.0000000   0.0000000
   25  -0.0000000   0.0000000   0.0000000   0.0000000   1.0000000   0.0000000
   26   0.0178679   0.0000000   0.0000000   0.0000000   0.0000000   1.0000000

	Kinetic-Energy Integrals:

           1           2           3           4           5           6           7           8           9          10

    1  52.6148950  15.6610148   0.8339502   0.1307410  -0.0000000   0.0000000  -0.0000000   0.0000000  -0.0000000   0.0000000
    2  15.6610148  14.2983000   1.1091549   0.1611538  -0.0000000  -0.0000000  -0.0000000  -0.0000000   0.0000000  -0.0000000
    3   0.8339502   1.1091549   1.4097000   0.5088398   0.0000000  -0.0000000   0.0000000   0.0000000   0.0000000   0.0000000
    4   0.1307410   0.1611538   0.5088398   0.4269000   0.0000000   0.0000000  -0.0000000   0.0000000   0.0000000   0.0000000
    5  -0.0000000  -0.0000000   0.0000000   0.0000000   3.6349776   0.0000000  -0.0000000   0.4322940   0.0000000  -0.0000000
    6   0.0000000  -0.0000000  -0.0000000   0.0000000   0.0000000   3.6349776   0.0000000   0.0000000   0.4322940   0.0000000
    7  -0.0000000  -0.0000000   0.0000000  -0.0000000  -0.0000000   0.0000000   3.6349776  -0.0000000   0.0000000   0.4322940
    8   0.0000000  -0.0000000   0.0000000   0.0000000   0.4322940   0.0000000  -0.0000000   0.5342500   0.0000000   0.0000000
    9  -0.0000000   0.0000000   0.0000000   0.0000000   0.0000000   0.4322940   0.0000000   0.0000000   0.5342500   0.0000000
   10   0.0000000  -0.0000000   0.0000000   0.0000000  -0.0000000   0.0000000   0.4322940   0.0000000   0.0000000   0.5342500
   11  -0.4003809  -0.5820167   0.1926761   0.3469760   0.0000000  -0.0000000  -0.0000000   0.0000000   0.0000000   0.0000000
   12   0.0000000   0.0000000   0.0000000   0.0000000  -0.0000000   0.0000000   0.0000000   0.0000000   0.0000000   0.0000000
   13  -0.0000000   0.0000000   0.0000000   0.0000000  -0.0000000   0.0000000   0.0000000   0.0000000   0.0000000   0.0000000
   14  -0.4003809  -0.5820167   0.1926761   0.3469760   0.0000000  -0.0000000  -0.0000000   0.0000000   0.0000000   0.0000000
   15   0.0000000   0.0000000   0.0000000   0.0000000   0.0000000  -0.0000000  -0.0000000   0.0000000   0.0000000   0.0000000
   16  -0.4003809  -0.5820167   0.1926761   0.3469760   0.0000000  -0.0000000  -0.0000000   0.0000000   0.0000000   0.0000000
   17  -0.0224048  -0.0283206  -0.0391207   0.0846346   0.1088756   0.0850630  -0.0000000   0.2498937   0.1952384  -0.0000000
   18   0.0143865   0.0170052   0.0837195   0.1344271   0.0876121   0.0684501  -0.0000000   0.1813047   0.1416507  -0.0000000
   19   0.0205635   0.0342972  -0.1500044  -0.1792782  -0.3581255  -0.3476455   0.0000000  -0.0715078  -0.1978462   0.0000000
   20   0.0160660   0.0267959  -0.1171963  -0.1400675  -0.3476455  -0.1847700   0.0000000  -0.1978462   0.0271494   0.0000000
   21  -0.0000000  -0.0000000   0.0000000   0.0000000   0.0000000   0.0000000   0.0868405   0.0000000   0.0000000   0.1817238
   22  -0.0224048  -0.0283206  -0.0391207   0.0846346  -0.1088756   0.0850630  -0.0000000  -0.2498937   0.1952384  -0.0000000
   23   0.0143865   0.0170052   0.0837195   0.1344271  -0.0876121   0.0684501  -0.0000000  -0.1813047   0.1416507  -0.0000000
   24  -0.0205635  -0.0342972   0.1500044   0.1792782  -0.3581255   0.3476455  -0.0000000  -0.0715078   0.1978462  -0.0000000
   25   0.0160660   0.0267959  -0.1171963  -0.1400675   0.3476455  -0.1847700   0.0000000   0.1978462   0.0271494   0.0000000
   26  -0.0000000  -0.0000000   0.0000000   0.0000000  -0.0000000   0.0000000   0.0868405  -0.0000000   0.0000000   0.1817238

          11          12          13          14          15          16          17          18          19          20

    1  -0.4003809   0.0000000  -0.0000000  -0.4003809   0.0000000  -0.4003809  -0.0224048   0.0143865   0.0205635   0.0160660
    2  -0.5820167   0.0000000   0.0000000  -0.5820167   0.0000000  -0.5820167  -0.0283206   0.0170052   0.0342972   0.0267959
    3   0.1926761   0.0000000   0.0000000   0.1926761   0.0000000   0.1926761  -0.0391207   0.0837195  -0.1500044  -0.1171963
    4   0.3469760   0.0000000   0.0000000   0.3469760   0.0000000   0.3469760   0.0846346   0.1344271  -0.1792782  -0.1400675
    5   0.0000000  -0.0000000  -0.0000000   0.0000000   0.0000000   0.0000000   0.1088756   0.0876121  -0.3581255  -0.3476455
    6  -0.0000000   0.0000000   0.0000000  -0.0000000  -0.0000000  -0.0000000   0.0850630   0.0684501  -0.3476455  -0.1847700
    7  -0.0000000   0.0000000   0.0000000  -0.0000000  -0.0000000  -0.0000000  -0.0000000  -0.0000000   0.0000000   0.0000000
    8   0.0000000   0.0000000   0.0000000   0.0000000   0.0000000   0.0000000   0.2498937   0.1813047  -0.0715078  -0.1978462
    9   0.0000000   0.0000000   0.0000000   0.0000000   0.0000000   0.0000000   0.1952384   0.1416507  -0.1978462   0.0271494
   10   0.0000000   0.0000000   0.0000000   0.0000000   0.0000000   0.0000000  -0.0000000  -0.0000000   0.0000000   0.0000000
   11   1.8416667   0.0000000   0.0000000  -0.1416667   0.0000000  -0.1416667   0.1713987   0.1103587  -0.2625795  -0.5271583
   12   0.0000000   0.9916667   0.0000000   0.0000000   0.0000000   0.0000000   0.2008060   0.0360674  -0.3768247  -0.2141220
   13   0.0000000   0.0000000   0.9916667   0.0000000   0.0000000   0.0000000  -0.0000000  -0.0000000   0.0000000   0.0000000
   14  -0.1416667   0.0000000   0.0000000   1.8416667   0.0000000  -0.1416667   0.0712656   0.0923735  -0.4065402   0.0043847
   15   0.0000000   0.0000000   0.0000000   0.0000000   0.9916667   0.0000000  -0.0000000  -0.0000000   0.0000000   0.0000000
   16  -0.1416667   0.0000000   0.0000000  -0.1416667   0.0000000   1.8416667  -0.0856213   0.0641945   0.0136579   0.0106708
   17   0.1713987   0.2008060  -0.0000000   0.0712656  -0.0000000  -0.0856213   1.4157260   0.2925739   0.0000000   0.0000000
   18   0.1103587   0.0360674  -0.0000000   0.0923735  -0.0000000   0.0641945   0.2925739   0.2664000   0.0000000   0.0000000
   19  -0.2625795  -0.3768247   0.0000000  -0.4065402   0.0000000   0.0136579   0.0000000   0.0000000   1.8750000   0.0000000
   20  -0.5271583  -0.2141220   0.0000000   0.0043847   0.0000000   0.0106708   0.0000000   0.0000000   0.0000000   1.8750000
   21   0.0000000   0.0000000   0.2060762   0.0000000   0.1610043  -0.0000000   0.0000000   0.0000000   0.0000000   0.0000000
   22   0.1713987  -0.2008060   0.0000000   0.0712656  -0.0000000  -0.0856213  -0.0301548  -0.0012203   0.0501949   0.0000000
   23   0.1103587  -0.0360674   0.0000000   0.0923735  -0.0000000   0.0641945  -0.0012203   0.0374519  -0.0447169  -0.0000000
   24   0.2625795  -0.3768247   0.0000000   0.4065402  -0.0000000  -0.0136579  -0.0501949   0.0447169   0.0361719   0.0000000
   25  -0.5271583   0.2141220  -0.0000000   0.0043847   0.0000000   0.0106708  -0.0000000   0.0000000   0.0000000  -0.0204331
   26   0.0000000  -0.0000000  -0.2060762   0.0000000   0.1610043  -0.0000000  -0.0000000   0.0000000   0.0000000   0.0000000

          21          22          23          24          25          26

    1  -0.0000000  -0.0224048   0.0143865  -0.0205635   0.0160660  -0.0000000
    2  -0.0000000  -0.0283206   0.0170052  -0.0342972   0.0267959  -0.0000000
    3   0.0000000  -0.0391207   0.0837195   0.1500044  -0.1171963   0.0000000
    4   0.0000000   0.0846346   0.1344271   0.1792782  -0.1400675   0.0000000
    5   0.0000000  -0.1088756  -0.0876121  -0.3581255   0.3476455  -0.0000000
    6   0.0000000   0.0850630   0.0684501   0.3476455  -0.1847700   0.0000000
    7   0.0868405  -0.0000000  -0.0000000  -0.0000000   0.0000000   0.0868405
    8   0.0000000  -0.2498937  -0.1813047  -0.0715078   0.1978462  -0.0000000
    9   0.0000000   0.1952384   0.1416507   0.1978462   0.0271494   0.0000000
   10   0.1817238  -0.0000000  -0.0000000  -0.0000000   0.0000000   0.1817238
   11   0.0000000   0.1713987   0.1103587   0.2625795  -0.5271583   0.0000000
   12   0.0000000  -0.2008060  -0.0360674  -0.3768247   0.2141220  -0.0000000
   13   0.2060762   0.0000000   0.0000000   0.0000000  -0.0000000  -0.2060762
   14   0.0000000   0.0712656   0.0923735   0.4065402   0.0043847   0.0000000
   15   0.1610043  -0.0000000  -0.0000000  -0.0000000   0.0000000   0.1610043
   16  -0.0000000  -0.0856213   0.0641945  -0.0136579   0.0106708  -0.0000000
   17   0.0000000  -0.0301548  -0.0012203  -0.0501949  -0.0000000  -0.0000000
   18   0.0000000  -0.0012203   0.0374519   0.0447169   0.0000000   0.0000000
   19   0.0000000   0.0501949  -0.0447169   0.0361719   0.0000000   0.0000000
   20   0.0000000   0.0000000  -0.0000000   0.0000000  -0.0204331   0.0000000
   21   1.8750000   0.0000000  -0.0000000   0.0000000   0.0000000  -0.0204331
   22   0.0000000   1.4157260   0.2925739   0.0000000   0.0000000   0.0000000
   23  -0.0000000   0.2925739   0.2664000   0.0000000   0.0000000   0.0000000
   24   0.0000000   0.0000000   0.0000000   1.8750000   0.0000000   0.0000000
   25   0.0000000   0.0000000   0.0000000   0.0000000   1.8750000   0.0000000
   26  -0.0204331   0.0000000   0.0000000   0.0000000   0.0000000   1.8750000

	Nuclear Attraction Integrals:

           1           2           3           4           5           6           7           8           9          10

    1 -82.4990426 -47.8119798 -12.5269876  -5.4491024   0.0000000  -0.0187383   0.0000000   0.0000000  -0.0030616   0.0000000
    2 -47.8119798 -40.3766945 -13.0408382  -5.6848527   0.0000000  -0.0217686   0.0000000   0.0000000  -0.0021425   0.0000000
    3 -12.5269876 -13.0408382 -13.3380146  -8.5018719   0.0000000  -0.1409874   0.0000000   0.0000000  -0.0767474   0.0000000
    4  -5.4491024  -5.6848527  -8.5018719  -7.7470598   0.0000000  -0.1604258   0.0000000   0.0000000  -0.2004001   0.0000000
    5   0.0000000   0.0000000   0.0000000   0.0000000 -11.7587263  -0.0000000  -0.0000000  -3.8867328  -0.0000000  -0.0000000
    6  -0.0187383  -0.0217686  -0.1409874  -0.1604258  -0.0000000 -11.7247201   0.0000000  -0.0000000  -3.8538235   0.0000000
    7   0.0000000   0.0000000   0.0000000   0.0000000  -0.0000000   0.0000000 -11.6714398  -0.0000000   0.0000000  -3.8022619
    8   0.0000000   0.0000000   0.0000000   0.0000000  -3.8867328  -0.0000000  -0.0000000  -4.8575277  -0.0000000  -0.0000000
    9  -0.0030616  -0.0021425  -0.0767474  -0.2004001  -0.0000000  -3.8538235   0.0000000  -0.0000000  -4.7808320   0.0000000
   10   0.0000000   0.0000000   0.0000000   0.0000000  -0.0000000   0.0000000  -3.8022619  -0.0000000   0.0000000  -4.6606664
   11  -0.6891061  -0.7816207  -4.9622217  -5.1974522   0.0000000  -0.1037564   0.0000000   0.0000000  -0.1189388   0.0000000
   12   0.0000000  -0.0000000   0.0000000   0.0000000  -0.1037564   0.0000000  -0.0000000  -0.1189388   0.0000000  -0.0000000
   13  -0.0000000  -0.0000000  -0.0000000  -0.0000000   0.0000000  -0.0000000   0.0000000   0.0000000  -0.0000000   0.0000000
   14  -0.6883418  -0.7813220  -4.9377223  -5.1517449   0.0000000  -0.2066361   0.0000000   0.0000000  -0.2057972   0.0000000
   15   0.0000000   0.0000000   0.0000000   0.0000000  -0.0000000   0.0000000  -0.0599694  -0.0000000   0.0000000  -0.0557401
   16  -0.6871444  -0.7808539  -4.8993372  -5.0801313   0.0000000  -0.0599694   0.0000000   0.0000000  -0.0557401   0.0000000
   17  -0.5421367  -0.5620824  -1.4779068  -2.2377454  -1.5650189  -1.2380611   0.0000000  -2.3209862  -1.8321763   0.0000000
   18  -1.8162218  -1.8919912  -3.3424749  -3.9493127  -1.1877301  -0.9927874   0.0000000  -2.0249359  -1.6873298   0.0000000
   19   1.3338870   1.3921243   2.6932354   2.3619280   1.6504827   2.1926100  -0.0000000   0.3166082   1.4824829  -0.0000000
   20   1.0415320   1.0872263   2.0899661   1.8132433   2.1509611   0.5805636  -0.0000000   1.4312322  -0.4197633  -0.0000000
   21  -0.0000000  -0.0000000  -0.0000000  -0.0000000  -0.0000000  -0.0000000  -1.1154212  -0.0000000  -0.0000000  -1.5452375
   22  -0.5421367  -0.5620824  -1.4779068  -2.2377454   1.5650189  -1.2380611   0.0000000   2.3209862  -1.8321763   0.0000000
   23  -1.8162218  -1.8919912  -3.3424749  -3.9493127   1.1877301  -0.9927874   0.0000000   2.0249359  -1.6873298   0.0000000
   24  -1.3338870  -1.3921243  -2.6932354  -2.3619280   1.6504827  -2.1926100   0.0000000   0.3166082  -1.4824829   0.0000000
   25   1.0415320   1.0872263   2.0899661   1.8132433  -2.1509611   0.5805636  -0.0000000  -1.4312322  -0.4197633  -0.0000000
   26  -0.0000000  -0.0000000  -0.0000000  -0.0000000   0.0000000  -0.0000000  -1.1154212   0.0000000  -0.0000000  -1.5452375

          11          12          13          14          15          16          17          18          19          20

    1  -0.6891061   0.0000000  -0.0000000  -0.6883418   0.0000000  -0.6871444  -0.5421367  -1.8162218   1.3338870   1.0415320
    2  -0.7816207  -0.0000000  -0.0000000  -0.7813220   0.0000000  -0.7808539  -0.5620824  -1.8919912   1.3921243   1.0872263
    3  -4.9622217   0.0000000  -0.0000000  -4.9377223   0.0000000  -4.8993372  -1.4779068  -3.3424749   2.6932354   2.0899661
    4  -5.1974522   0.0000000  -0.0000000  -5.1517449   0.0000000  -5.0801313  -2.2377454  -3.9493127   2.3619280   1.8132433
    5   0.0000000  -0.1037564   0.0000000   0.0000000  -0.0000000   0.0000000  -1.5650189  -1.1877301   1.6504827   2.1509611
    6  -0.1037564   0.0000000  -0.0000000  -0.2066361   0.0000000  -0.0599694  -1.2380611  -0.9927874   2.1926100   0.5805636
    7   0.0000000  -0.0000000   0.0000000   0.0000000  -0.0599694   0.0000000   0.0000000   0.0000000  -0.0000000  -0.0000000
    8   0.0000000  -0.1189388   0.0000000   0.0000000  -0.0000000   0.0000000  -2.3209862  -2.0249359   0.3166082   1.4312322
    9  -0.1189388   0.0000000  -0.0000000  -0.2057972   0.0000000  -0.0557401  -1.8321763  -1.6873298   1.4824829  -0.4197633
   10   0.0000000  -0.0000000   0.0000000   0.0000000  -0.0557401   0.0000000   0.0000000   0.0000000  -0.0000000  -0.0000000
   11  -7.3373436   0.0000000  -0.0000000  -2.4503055   0.0000000  -2.4008245  -2.0841466  -2.6820458   1.5802724   2.6187597
   12   0.0000000  -2.4503055   0.0000000  -0.0000000  -0.0000000  -0.0000000  -1.0375229  -0.2950185   0.9535736   0.3942369
   13  -0.0000000   0.0000000  -2.4008245  -0.0000000  -0.0000000  -0.0000000   0.0000000   0.0000000  -0.0000000  -0.0000000
   14  -2.4503055  -0.0000000  -0.0000000  -7.2404751   0.0000000  -2.3903430  -1.5875129  -2.5495166   2.5877200   0.5813736
   15   0.0000000  -0.0000000  -0.0000000   0.0000000  -2.3903430   0.0000000   0.0000000   0.0000000  -0.0000000  -0.0000000
   16  -2.4008245  -0.0000000  -0.0000000  -2.3903430   0.0000000  -7.1217619  -0.7642246  -2.2776166   1.2617642   0.9775581
   17  -2.0841466  -1.0375229   0.0000000  -1.5875129   0.0000000  -0.7642246  -5.8164327  -3.6034799   0.8372598   0.6146320
   18  -2.6820458  -0.2950185   0.0000000  -2.5495166   0.0000000  -2.2776166  -3.6034799  -4.5175558   0.9680861   0.7089191
   19   1.5802724   0.9535736  -0.0000000   2.5877200  -0.0000000   1.2617642   0.8372598   0.9680861  -5.3373181  -0.4218521
   20   2.6187597   0.3942369  -0.0000000   0.5813736  -0.0000000   0.9775581   0.6146320   0.7089191  -0.4218521  -5.0985185
   21  -0.0000000  -0.0000000  -0.8960663  -0.0000000  -0.7083239   0.0000000  -0.0000000  -0.0000000   0.0000000   0.0000000
   22  -2.0841466   1.0375229  -0.0000000  -1.5875129   0.0000000  -0.7642246  -0.1504914  -0.9123138   0.3794193   0.0458754
   23  -2.6820458   0.2950185  -0.0000000  -2.5495166   0.0000000  -2.2776166  -0.9123138  -2.1254973   1.1806157   0.2712103
   24  -1.5802724   0.9535736  -0.0000000  -2.5877200   0.0000000  -1.2617642  -0.3794193  -1.1806157   0.9338860   0.1174800
   25   2.6187597  -0.3942369   0.0000000   0.5813736  -0.0000000   0.9775581   0.0458754   0.2712103  -0.1174800  -0.1482749
   26  -0.0000000   0.0000000   0.8960663  -0.0000000  -0.7083239   0.0000000  -0.0000000  -0.0000000   0.0000000   0.0000000

          21          22          23          24          25          26

    1  -0.0000000  -0.5421367  -1.8162218  -1.3338870   1.0415320  -0.0000000
    2  -0.0000000  -0.5620824  -1.8919912  -1.3921243   1.0872263  -0.0000000
    3  -0.0000000  -1.4779068  -3.3424749  -2.6932354   2.0899661  -0.0000000
    4  -0.0000000  -2.2377454  -3.9493127  -2.3619280   1.8132433  -0.0000000
    5  -0.0000000   1.5650189   1.1877301   1.6504827  -2.1509611   0.0000000
    6  -0.0000000  -1.2380611  -0.9927874  -2.1926100   0.5805636  -0.0000000
    7  -1.1154212   0.0000000   0.0000000   0.0000000  -0.0000000  -1.1154212
    8  -0.0000000   2.3209862   2.0249359   0.3166082  -1.4312322   0.0000000
    9  -0.0000000  -1.8321763  -1.6873298  -1.4824829  -0.4197633  -0.0000000
   10  -1.5452375   0.0000000   0.0000000   0.0000000  -0.0000000  -1.5452375
   11  -0.0000000  -2.0841466  -2.6820458  -1.5802724   2.6187597  -0.0000000
   12  -0.0000000   1.0375229   0.2950185   0.9535736  -0.3942369   0.0000000
   13  -0.8960663  -0.0000000  -0.0000000  -0.0000000   0.0000000   0.8960663
   14  -0.0000000  -1.5875129  -2.5495166  -2.5877200   0.5813736  -0.0000000
   15  -0.7083239   0.0000000   0.0000000   0.0000000  -0.0000000  -0.7083239
   16   0.0000000  -0.7642246  -2.2776166  -1.2617642   0.9775581   0.0000000
   17  -0.0000000  -0.1504914  -0.9123138  -0.3794193   0.0458754  -0.0000000
   18  -0.0000000  -0.9123138  -2.1254973  -1.1806157   0.2712103  -0.0000000
   19   0.0000000   0.3794193   1.1806157   0.9338860  -0.1174800   0.0000000
   20   0.0000000   0.0458754   0.2712103   0.1174800  -0.1482749   0.0000000
   21  -4.7689315   0.0000000   0.0000000   0.0000000  -0.0000000  -0.1091662
   22   0.0000000  -5.8164327  -3.6034799  -0.8372598   0.6146320  -0.0000000
   23   0.0000000  -3.6034799  -4.5175558  -0.9680861   0.7089191  -0.0000000
   24   0.0000000  -0.8372598  -0.9680861  -5.3373181   0.4218521  -0.0000000
   25  -0.0000000   0.6146320   0.7089191   0.4218521  -5.0985185   0.0000000
   26  -0.1091662  -0.0000000  -0.0000000  -0.0000000   0.0000000  -4.7689315

	Core Hamiltonian:

           1           2           3           4           5           6           7           8           9          10

    1 -29.8841477 -32.1509650 -11.6930374  -5.3183614   0.0000000  -0.0187383   0.0000000   0.0000000  -0.0030616   0.0000000
    2 -32.1509650 -26.0783945 -11.9316834  -5.5236989   0.0000000  -0.0217686   0.0000000   0.0000000  -0.0021425   0.0000000
    3 -11.6930374 -11.9316834 -11.9283146  -7.9930322   0.0000000  -0.1409874   0.0000000   0.0000000  -0.0767474   0.0000000
    4  -5.3183614  -5.5236989  -7.9930322  -7.3201598   0.0000000  -0.1604258   0.0000000   0.0000000  -0.2004001   0.0000000
    5   0.0000000   0.0000000   0.0000000   0.0000000  -8.1237488   0.0000000  -0.0000000  -3.4544388   0.0000000  -0.0000000
    6  -0.0187383  -0.0217686  -0.1409874  -0.1604258   0.0000000  -8.0897426   0.0000000   0.0000000  -3.4215295   0.0000000
    7   0.0000000   0.0000000   0.0000000   0.0000000  -0.0000000   0.0000000  -8.0364623  -0.0000000   0.0000000  -3.3699679
    8   0.0000000   0.0000000   0.0000000   0.0000000  -3.4544388   0.0000000  -0.0000000  -4.3232777   0.0000000   0.0000000
    9  -0.0030616  -0.0021425  -0.0767474  -0.2004001   0.0000000  -3.4215295   0.0000000   0.0000000  -4.2465820   0.0000000
   10   0.0000000   0.0000000   0.0000000   0.0000000  -0.0000000   0.0000000  -3.3699679   0.0000000   0.0000000  -4.1264164
   11  -1.0894870  -1.3636374  -4.7695457  -4.8504762   0.0000000  -0.1037564   0.0000000   0.0000000  -0.1189388   0.0000000
   12   0.0000000   0.0000000   0.0000000   0.0000000  -0.1037564   0.0000000   0.0000000  -0.1189388   0.0000000   0.0000000
   13  -0.0000000   0.0000000   0.0000000   0.0000000   0.0000000   0.0000000   0.0000000   0.0000000   0.0000000   0.0000000
   14  -1.0887227  -1.3633386  -4.7450463  -4.8047688   0.0000000  -0.2066361   0.0000000   0.0000000  -0.2057972   0.0000000
   15   0.0000000   0.0000000   0.0000000   0.0000000   0.0000000   0.0000000  -0.0599694   0.0000000   0.0000000  -0.0557401
   16  -1.0875252  -1.3628705  -4.7066611  -4.7331553   0.0000000  -0.0599694   0.0000000   0.0000000  -0.0557401   0.0000000
   17  -0.5645415  -0.5904030  -1.5170275  -2.1531108  -1.4561432  -1.1529982   0.0000000  -2.0710925  -1.6369379   0.0000000
   18  -1.8018352  -1.8749860  -3.2587555  -3.8148856  -1.1001179  -0.9243373   0.0000000  -1.8436313  -1.5456791   0.0000000
   19   1.3544504   1.4264215   2.5432310   2.1826498   1.2923572   1.8449645   0.0000000   0.2451004   1.2846367   0.0000000
   20   1.0575980   1.1140222   1.9727698   1.6731758   1.8033156   0.3957937   0.0000000   1.2333860  -0.3926139   0.0000000
   21  -0.0000000  -0.0000000   0.0000000   0.0000000   0.0000000   0.0000000  -1.0285807   0.0000000   0.0000000  -1.3635137
   22  -0.5645415  -0.5904030  -1.5170275  -2.1531108   1.4561432  -1.1529982   0.0000000   2.0710925  -1.6369379   0.0000000
   23  -1.8018352  -1.8749860  -3.2587555  -3.8148856   1.1001179  -0.9243373   0.0000000   1.8436313  -1.5456791   0.0000000
   24  -1.3544504  -1.4264215  -2.5432310  -2.1826498   1.2923572  -1.8449645   0.0000000   0.2451004  -1.2846367   0.0000000
   25   1.0575980   1.1140222   1.9727698   1.6731758  -1.8033156   0.3957937  -0.0000000  -1.2333860  -0.3926139   0.0000000
   26  -0.0000000  -0.0000000  -0.0000000  -0.0000000   0.0000000  -0.0000000  -1.0285807   0.0000000   0.0000000  -1.3635137

          11          12          13          14          15          16          17          18          19          20

    1  -1.0894870   0.0000000  -0.0000000  -1.0887227   0.0000000  -1.0875252  -0.5645415  -1.8018352   1.3544504   1.0575980
    2  -1.3636374   0.0000000   0.0000000  -1.3633386   0.0000000  -1.3628705  -0.5904030  -1.8749860   1.4264215   1.1140222
    3  -4.7695457   0.0000000   0.0000000  -4.7450463   0.0000000  -4.7066611  -1.5170275  -3.2587555   2.5432310   1.9727698
    4  -4.8504762   0.0000000   0.0000000  -4.8047688   0.0000000  -4.7331553  -2.1531108  -3.8148856   2.1826498   1.6731758
    5   0.0000000  -0.1037564   0.0000000   0.0000000   0.0000000   0.0000000  -1.4561432  -1.1001179   1.2923572   1.8033156
    6  -0.1037564   0.0000000   0.0000000  -0.2066361   0.0000000  -0.0599694  -1.1529982  -0.9243373   1.8449645   0.3957937
    7   0.0000000   0.0000000   0.0000000   0.0000000  -0.0599694   0.0000000   0.0000000   0.0000000   0.0000000   0.0000000
    8   0.0000000  -0.1189388   0.0000000   0.0000000   0.0000000   0.0000000  -2.0710925  -1.8436313   0.2451004   1.2333860
    9  -0.1189388   0.0000000   0.0000000  -0.2057972   0.0000000  -0.0557401  -1.6369379  -1.5456791   1.2846367  -0.3926139
   10   0.0000000   0.0000000   0.0000000   0.0000000  -0.0557401   0.0000000   0.0000000   0.0000000   0.0000000   0.0000000
   11  -5.4956769   0.0000000   0.0000000  -2.5919721   0.0000000  -2.5424912  -1.9127478  -2.5716871   1.3176928   2.0916014
   12   0.0000000  -1.4586388   0.0000000   0.0000000   0.0000000   0.0000000  -0.8367169  -0.2589511   0.5767489   0.1801150
   13   0.0000000   0.0000000  -1.4091579   0.0000000   0.0000000   0.0000000   0.0000000   0.0000000   0.0000000   0.0000000
   14  -2.5919721   0.0000000   0.0000000  -5.3988085   0.0000000  -2.5320096  -1.5162473  -2.4571432   2.1811799   0.5857583
   15   0.0000000   0.0000000   0.0000000   0.0000000  -1.3986763   0.0000000   0.0000000   0.0000000   0.0000000   0.0000000
   16  -2.5424912   0.0000000   0.0000000  -2.5320096   0.0000000  -5.2800953  -0.8498459  -2.2134221   1.2754222   0.9882289
   17  -1.9127478  -0.8367169   0.0000000  -1.5162473   0.0000000  -0.8498459  -4.4007067  -3.3109060   0.8372598   0.6146320
   18  -2.5716871  -0.2589511   0.0000000  -2.4571432   0.0000000  -2.2134221  -3.3109060  -4.2511558   0.9680861   0.7089191
   19   1.3176928   0.5767489   0.0000000   2.1811799   0.0000000   1.2754222   0.8372598   0.9680861  -3.4623181  -0.4218521
   20   2.0916014   0.1801150   0.0000000   0.5857583   0.0000000   0.9882289   0.6146320   0.7089191  -0.4218521  -3.2235185
   21   0.0000000   0.0000000  -0.6899902   0.0000000  -0.5473196   0.0000000   0.0000000   0.0000000   0.0000000   0.0000000
   22  -1.9127478   0.8367169   0.0000000  -1.5162473   0.0000000  -0.8498459  -0.1806462  -0.9135341   0.4296141   0.0458754
   23  -2.5716871   0.2589511   0.0000000  -2.4571432   0.0000000  -2.2134221  -0.9135341  -2.0880454   1.1358989   0.2712103
   24  -1.3176928   0.5767489   0.0000000  -2.1811799   0.0000000  -1.2754222  -0.4296141  -1.1358989   0.9700579   0.1174800
   25   2.0916014  -0.1801150   0.0000000   0.5857583   0.0000000   0.9882289   0.0458754   0.2712103  -0.1174800  -0.1687080
   26  -0.0000000   0.0000000   0.6899902  -0.0000000  -0.5473196   0.0000000  -0.0000000   0.0000000   0.0000000   0.0000000

          21          22          23          24          25          26

    1  -0.0000000  -0.5645415  -1.8018352  -1.3544504   1.0575980  -0.0000000
    2  -0.0000000  -0.5904030  -1.8749860  -1.4264215   1.1140222  -0.0000000
    3   0.0000000  -1.5170275  -3.2587555  -2.5432310   1.9727698  -0.0000000
    4   0.0000000  -2.1531108  -3.8148856  -2.1826498   1.6731758  -0.0000000
    5   0.0000000   1.4561432   1.1001179   1.2923572  -1.8033156   0.0000000
    6   0.0000000  -1.1529982  -0.9243373  -1.8449645   0.3957937  -0.0000000
    7  -1.0285807   0.0000000   0.0000000   0.0000000  -0.0000000  -1.0285807
    8   0.0000000   2.0710925   1.8436313   0.2451004  -1.2333860   0.0000000
    9   0.0000000  -1.6369379  -1.5456791  -1.2846367  -0.3926139   0.0000000
   10  -1.3635137   0.0000000   0.0000000   0.0000000   0.0000000  -1.3635137
   11   0.0000000  -1.9127478  -2.5716871  -1.3176928   2.0916014  -0.0000000
   12   0.0000000   0.8367169   0.2589511   0.5767489  -0.1801150   0.0000000
   13  -0.6899902   0.0000000   0.0000000   0.0000000   0.0000000   0.6899902
   14   0.0000000  -1.5162473  -2.4571432  -2.1811799   0.5857583  -0.0000000
   15  -0.5473196   0.0000000   0.0000000   0.0000000   0.0000000  -0.5473196
   16   0.0000000  -0.8498459  -2.2134221  -1.2754222   0.9882289   0.0000000
   17   0.0000000  -0.1806462  -0.9135341  -0.4296141   0.0458754  -0.0000000
   18   0.0000000  -0.9135341  -2.0880454  -1.1358989   0.2712103   0.0000000
   19   0.0000000   0.4296141   1.1358989   0.9700579  -0.1174800   0.0000000
   20   0.0000000   0.0458754   0.2712103   0.1174800  -0.1687080   0.0000000
   21  -2.8939315   0.0000000   0.0000000   0.0000000   0.0000000  -0.1295993
   22   0.0000000  -4.4007067  -3.3109060  -0.8372598   0.6146320   0.0000000
   23   0.0000000  -3.3109060  -4.2511558  -0.9680861   0.7089191   0.0000000
   24   0.0000000  -0.8372598  -0.9680861  -3.4623181   0.4218521   0.0000000
   25   0.0000000   0.6146320   0.7089191   0.4218521  -3.2235185   0.0000000
   26  -0.1295993   0.0000000   0.0000000   0.0000000   0.0000000  -2.8939315

	S^-1/2 Matrix:

           1           2           3           4           5           6           7           8           9          10

    1   1.6221730  -0.8923238  -0.0127007   0.0513173   0.0000000  -0.0028377   0.0000000   0.0000000   0.0019055   0.0000000
    2  -0.8923238   1.8051142  -0.4022176  -0.2809021  -0.0000000   0.0126080   0.0000000  -0.0000000  -0.0041986   0.0000000
    3  -0.0127007  -0.4022176   1.8377945  -0.8884740  -0.0000000   0.0028982   0.0000000  -0.0000000  -0.2039567   0.0000000
    4   0.0513173  -0.2809021  -0.8884740   5.1898016   0.0000000   0.0563539   0.0000000   0.0000000   0.9128618   0.0000000
    5   0.0000000  -0.0000000  -0.0000000   0.0000000   1.2412135   0.0000000   0.0000000  -0.2276279  -0.0000000   0.0000000
    6  -0.0028377   0.0126080   0.0028982   0.0563539   0.0000000   1.2008490   0.0000000  -0.0000000  -0.2483975   0.0000000
    7   0.0000000   0.0000000   0.0000000   0.0000000   0.0000000   0.0000000   1.1201758   0.0000000   0.0000000  -0.2972902
    8   0.0000000  -0.0000000  -0.0000000   0.0000000  -0.2276279  -0.0000000   0.0000000   2.0165441   0.0000000   0.0000000
    9   0.0019055  -0.0041986  -0.2039567   0.9128618  -0.0000000  -0.2483975   0.0000000   0.0000000   1.5809117   0.0000000
   10   0.0000000   0.0000000   0.0000000   0.0000000   0.0000000   0.0000000  -0.2972902   0.0000000   0.0000000   1.2001200
   11  -0.0395506   0.2323066  -0.2364864  -0.8530342  -0.0000000   0.1205988   0.0000000   0.0000000   0.0237160   0.0000000
   12  -0.0000000   0.0000000  -0.0000000   0.0000000   0.1866399   0.0000000   0.0000000   0.4762842  -0.0000000   0.0000000
   13  -0.0000000   0.0000000  -0.0000000  -0.0000000  -0.0000000  -0.0000000   0.0000000  -0.0000000   0.0000000   0.0000000
   14  -0.0378766   0.2252879  -0.2162486  -0.9575073   0.0000000   0.0819561   0.0000000  -0.0000000   0.0653422   0.0000000
   15  -0.0000000   0.0000000   0.0000000  -0.0000000   0.0000000  -0.0000000   0.0048100   0.0000000  -0.0000000   0.0756303
   16  -0.0357976   0.2163161  -0.1419793  -1.2734846  -0.0000000   0.0058638   0.0000000  -0.0000000  -0.1607975   0.0000000
   17   0.0046239  -0.0144396   0.1011960  -0.2775840  -0.0952093  -0.0857379   0.0000000  -0.2539779  -0.2525463   0.0000000
   18  -0.0063855   0.0128584   0.1732689  -1.0563871  -0.0363516  -0.0276457   0.0000000  -0.8230885  -0.4062551   0.0000000
   19  -0.0021848   0.0175016  -0.0262744   0.3289751   0.1786228   0.1674688  -0.0000000   0.1254897   0.2477839  -0.0000000
   20  -0.0019641   0.0148529   0.0055729   0.1671152   0.1552153   0.1104361  -0.0000000   0.2839983  -0.0230105  -0.0000000
   21   0.0000000   0.0000000   0.0000000   0.0000000   0.0000000   0.0000000  -0.0219109   0.0000000   0.0000000  -0.1752976
   22   0.0046239  -0.0144396   0.1011960  -0.2775840   0.0952093  -0.0857379  -0.0000000   0.2539779  -0.2525463  -0.0000000
   23  -0.0063855   0.0128584   0.1732689  -1.0563871   0.0363516  -0.0276457  -0.0000000   0.8230885  -0.4062551  -0.0000000
   24   0.0021848  -0.0175016   0.0262744  -0.3289751   0.1786228  -0.1674688   0.0000000   0.1254897  -0.2477839   0.0000000
   25  -0.0019641   0.0148529   0.0055729   0.1671152  -0.1552153   0.1104361   0.0000000  -0.2839983  -0.0230105   0.0000000
   26   0.0000000   0.0000000   0.0000000   0.0000000   0.0000000   0.0000000  -0.0219109   0.0000000   0.0000000  -0.1752976

          11          12          13          14          15          16          17          18          19          20

    1  -0.0395506  -0.0000000  -0.0000000  -0.0378766  -0.0000000  -0.0357976   0.0046239  -0.0063855  -0.0021848  -0.0019641
    2   0.2323066   0.0000000   0.0000000   0.2252879   0.0000000   0.2163161  -0.0144396   0.0128584   0.0175016   0.0148529
    3  -0.2364864  -0.0000000  -0.0000000  -0.2162486   0.0000000  -0.1419793   0.1011960   0.1732689  -0.0262744   0.0055729
    4  -0.8530342   0.0000000  -0.0000000  -0.9575073  -0.0000000  -1.2734846  -0.2775840  -1.0563871   0.3289751   0.1671152
    5  -0.0000000   0.1866399  -0.0000000   0.0000000   0.0000000  -0.0000000  -0.0952093  -0.0363516   0.1786228   0.1552153
